# k [h/Mpc] P(k) [h/Mpc]^3
1.00000e-05 5.29606e+01
1.06543e-05 5.62471e+01
1.13513e-05 5.97375e+01
1.20940e-05 6.34445e+01
1.28853e-05 6.73815e+01
1.37283e-05 7.15628e+01
1.46265e-05 7.60036e+01
1.55834e-05 8.07200e+01
1.66030e-05 8.57290e+01
1.76892e-05 9.10488e+01
1.88466e-05 9.66988e+01
2.00796e-05 1.02699e+02
2.13933e-05 1.09072e+02
2.27930e-05 1.15841e+02
2.42843e-05 1.23029e+02
2.58731e-05 1.30663e+02
2.75659e-05 1.38771e+02
2.93694e-05 1.47382e+02
3.12909e-05 1.56528e+02
3.33381e-05 1.66240e+02
3.55193e-05 1.76556e+02
3.78432e-05 1.87511e+02
4.03191e-05 1.99146e+02
4.29570e-05 2.11503e+02
4.57675e-05 2.24627e+02
4.87619e-05 2.38564e+02
5.19522e-05 2.53366e+02
5.53512e-05 2.69087e+02
5.89726e-05 2.85782e+02
6.28309e-05 3.03513e+02
6.69417e-05 3.22343e+02
7.13214e-05 3.42341e+02
7.59877e-05 3.63579e+02
8.09592e-05 3.86133e+02
8.62560e-05 4.10086e+02
9.18994e-05 4.35523e+02
9.79120e-05 4.62536e+02
1.04318e-04 4.91224e+02
1.11143e-04 5.21688e+02
1.18415e-04 5.54039e+02
1.26162e-04 5.88392e+02
1.34416e-04 6.24872e+02
1.43211e-04 6.63609e+02
1.52580e-04 7.04742e+02
1.62563e-04 7.48418e+02
1.73199e-04 7.94792e+02
1.84531e-04 8.44030e+02
1.96604e-04 8.96307e+02
2.09467e-04 9.51808e+02
2.23171e-04 1.01073e+03
2.37772e-04 1.07328e+03
2.53329e-04 1.13967e+03
2.69903e-04 1.21015e+03
2.87562e-04 1.28494e+03
3.06375e-04 1.36432e+03
3.26420e-04 1.44856e+03
3.47777e-04 1.53794e+03
3.70530e-04 1.63276e+03
3.94773e-04 1.73335e+03
4.20601e-04 1.84005e+03
4.48119e-04 1.95319e+03
4.77438e-04 2.07316e+03
5.08674e-04 2.20035e+03
5.41955e-04 2.33515e+03
5.77413e-04 2.47799e+03
6.15190e-04 2.62932e+03
6.55440e-04 2.78960e+03
6.98322e-04 2.95931e+03
7.44011e-04 3.13894e+03
7.92688e-04 3.32902e+03
8.44550e-04 3.53008e+03
8.99806e-04 3.74266e+03
9.58676e-04 3.96733e+03
1.02140e-03 4.20467e+03
1.08822e-03 4.45525e+03
1.15942e-03 4.71967e+03
1.23528e-03 4.99852e+03
1.31610e-03 5.29237e+03
1.40220e-03 5.60183e+03
1.49394e-03 5.92745e+03
1.59169e-03 6.26982e+03
1.69582e-03 6.62947e+03
1.80678e-03 7.00692e+03
1.92499e-03 7.40263e+03
2.05093e-03 7.81701e+03
2.18511e-03 8.25042e+03
2.32808e-03 8.70314e+03
2.48039e-03 9.17537e+03
2.64267e-03 9.66721e+03
2.81557e-03 1.01787e+04
2.99978e-03 1.07097e+04
3.19605e-03 1.12598e+04
3.40515e-03 1.18289e+04
3.62794e-03 1.24161e+04
3.86530e-03 1.30208e+04
4.11819e-03 1.36418e+04
4.38762e-03 1.42780e+04
4.67469e-03 1.49279e+04
4.98053e-03 1.55895e+04
5.30639e-03 1.62609e+04
5.65356e-03 1.69396e+04
6.02345e-03 1.76226e+04
6.41754e-03 1.83069e+04
6.83741e-03 1.89887e+04
7.28476e-03 1.96640e+04
7.76137e-03 2.03281e+04
8.26916e-03 2.09760e+04
8.81018e-03 2.16024e+04
9.38659e-03 2.22010e+04
1.00007e-02 2.27651e+04
1.06550e-02 2.32881e+04
1.13521e-02 2.37625e+04
1.20949e-02 2.41802e+04
1.28862e-02 2.45331e+04
1.37293e-02 2.48131e+04
1.46275e-02 2.50116e+04
1.55845e-02 2.51197e+04
1.66042e-02 2.51294e+04
1.76905e-02 2.50335e+04
1.88479e-02 2.48256e+04
2.00811e-02 2.45012e+04
2.13949e-02 2.40572e+04
2.27947e-02 2.34944e+04
2.42860e-02 2.28170e+04
2.58750e-02 2.20314e+04
2.75678e-02 2.11471e+04
2.93715e-02 2.01833e+04
3.12931e-02 1.91625e+04
3.33405e-02 1.81057e+04
3.55219e-02 1.70376e+04
3.78459e-02 1.59916e+04
4.03220e-02 1.49964e+04
4.29601e-02 1.40738e+04
4.57708e-02 1.32408e+04
4.87654e-02 1.25099e+04
5.19559e-02 1.18813e+04
5.53552e-02 1.13407e+04
5.89768e-02 1.08601e+04
6.28354e-02 1.03992e+04
6.69465e-02 9.91005e+03
7.13265e-02 9.34740e+03
7.59931e-02 8.68288e+03
8.09650e-02 7.91905e+03
8.62623e-02 7.09660e+03
9.19060e-02 6.28729e+03
9.79191e-02 5.57175e+03
1.04325e-01 5.00962e+03
1.11151e-01 4.61412e+03
1.18423e-01 4.34113e+03
1.26171e-01 4.09943e+03
1.34426e-01 3.79221e+03
1.43221e-01 3.38263e+03
1.52591e-01 2.92971e+03
1.62575e-01 2.54288e+03
1.73211e-01 2.28719e+03
1.84544e-01 2.12667e+03
1.96618e-01 1.95801e+03
2.09482e-01 1.72317e+03
2.23187e-01 1.48200e+03
2.37789e-01 1.31270e+03
2.53347e-01 1.19924e+03
2.69922e-01 1.06960e+03
2.87582e-01 9.24525e+02
3.06398e-01 8.16662e+02
3.26444e-01 7.31832e+02
3.47802e-01 6.38749e+02
3.70557e-01 5.59512e+02
3.94801e-01 4.95165e+02
4.20631e-01 4.31859e+02
4.48151e-01 3.78790e+02
4.77472e-01 3.31404e+02
5.08711e-01 2.89226e+02
5.41994e-01 2.52509e+02
5.77454e-01 2.19948e+02
6.15235e-01 1.91468e+02
6.55487e-01 1.66488e+02
6.98373e-01 1.44587e+02
7.44064e-01 1.25460e+02
7.92745e-01 1.08752e+02
8.44611e-01 9.41712e+01
8.99871e-01 8.14703e+01
9.58745e-01 7.04192e+01
1.02147e+00 6.08137e+01
1.08830e+00 5.24733e+01
1.15951e+00 4.52386e+01
1.23537e+00 3.89696e+01
1.31619e+00 3.35429e+01
1.40231e+00 2.88499e+01
1.49405e+00 2.47951e+01
1.59180e+00 2.12948e+01
1.69595e+00 1.82758e+01
1.80691e+00 1.56742e+01
1.92512e+00 1.34340e+01
2.05108e+00 1.15066e+01
2.18527e+00 9.84952e+00
2.32824e+00 8.42596e+00
2.48057e+00 7.20384e+00
2.64286e+00 6.15540e+00
2.81578e+00 5.25656e+00
3.00000e+00 4.48654e+00
